# n values
1 1.0000000000 0.0000000000 12.0000000000 50.0000000000 1.0000000000 0.0000000000 4294967296.0000000000 100.0000000000 1.0000000000 2.0000000000 1.0000000000 3.0000000000
2 0.5000000000 1.0000000000 16.9705627485 70.7106781187 1.4240501956 2.0000000000 8589934592.0000000000 400.0000000000 4.0000000000 16.0000000000 2.0000000000 9.0000000000
3 0.3333333333 1.5849625007 20.7846096908 86.6025403784 1.7511842393 4.7548875022 12884901888.0000000000 900.0000000000 9.0000000000 54.0000000000 5.7045224947 27.0000000000
4 0.2500000000 2.0000000000 24.0000000000 100.0000000000 2.0279189596 8.0000000000 17179869184.0000000000 1600.0000000000 16.0000000000 128.0000000000 16.0000000000 81.0000000000
5 0.2000000000 2.3219280949 26.8328157300 111.8033988750 2.2723472665 11.6096404744 21474836480.0000000000 2500.0000000000 25.0000000000 250.0000000000 41.9718479173 243.0000000000
6 0.1666666667 2.5849625007 29.3938769134 122.4744871392 2.4937742584 15.5097750043 25769803776.0000000000 3600.0000000000 36.0000000000 432.0000000000 102.6814049044 729.0000000000
7 0.1428571429 2.8073549221 31.7490157328 132.2875655532 2.6977394350 19.6514844544 30064771072.0000000000 4900.0000000000 49.0000000000 686.0000000000 235.7708679384 2187.0000000000
8 0.1250000000 3.0000000000 33.9411254970 141.4213562373 2.8878583910 24.0000000000 34359738368.0000000000 6400.0000000000 64.0000000000 1024.0000000000 512.0000000000 6561.0000000000
9 0.1111111111 3.1699250014 36.0000000000 150.0000000000 3.0666462398 28.5293250130 38654705664.0000000000 8100.0000000000 81.0000000000 1458.0000000000 1058.9542266464 19683.0000000000
10 0.1000000000 3.3219280949 37.9473319220 158.1138830084 3.2359365693 33.2192809489 42949672960.0000000000 10000.0000000000 100.0000000000 2000.0000000000 2098.5923958667 59049.0000000000
11 0.0909090909 3.4594316186 39.7994974843 165.8312395178 3.3971151601 38.0537478050 47244640256.0000000000 12100.0000000000 121.0000000000 2662.0000000000 4005.2237471653 177147.0000000000
12 0.0833333333 3.5849625007 41.5692193817 173.2050807569 3.5512597205 43.0195500087 51539607552.0000000000 14400.0000000000 144.0000000000 3456.0000000000 7393.0611531197 531441.0000000000
13 0.0769230769 3.7004397181 43.2666153056 180.2775637732 3.6992280854 48.1057163358 55834574848.0000000000 16900.0000000000 169.0000000000 4394.0000000000 13245.8619552284 1594323.0000000000
14 0.0714285714 3.8073549221 44.8998886413 187.0828693387 3.8417163700 53.3029689088 60129542144.0000000000 19600.0000000000 196.0000000000 5488.0000000000 23105.5450579650 4782969.0000000000
15 0.0666666667 3.9068905956 46.4758001545 193.6491673104 3.9792987192 58.6033589341 64424509440.0000000000 22500.0000000000 225.0000000000 6750.0000000000 39342.3121261217 14348907.0000000000
16 0.0625000000 4.0000000000 48.0000000000 200.0000000000 4.1124553066 64.0000000000 68719476736.0000000000 25600.0000000000 256.0000000000 8192.0000000000 65536.0000000000 43046721.0000000000
17 0.0588235294 4.0874628413 49.4772675074 206.1552812809 4.2415925726 69.4868683013 73014444032.0000000000 28900.0000000000 289.0000000000 9826.0000000000 107007.5064973715 129140163.0000000000
18 0.0555555556 4.1699250014 50.9116882454 212.1320343560 4.3670581777 75.0586500260 77309411328.0000000000 32400.0000000000 324.0000000000 11664.0000000000 171550.5847167147 387420489.0000000000
19 0.0526315789 4.2479275134 52.3067873225 217.9449471770 4.4891522676 80.7106227554 81604378624.0000000000 36100.0000000000 361.0000000000 13718.0000000000 270428.5903912180 1162261467.0000000000
20 0.0500000000 4.3219280949 53.6656314600 223.6067977500 4.6081361044 86.4385618977 85899345920.0000000000 40000.0000000000 400.0000000000 16000.0000000000 419718.4791733330 3486784401.0000000000
21 0.0476190476 4.3923174228 54.9909083395 229.1287847478 4.7242387802 92.2386658784 90194313216.0000000000 44100.0000000000 441.0000000000 18522.0000000000 642106.1728396028 10460353203.0000000000
22 0.0454545455 4.4594316186 56.2849891179 234.5207879912 4.8376625082 98.1074956100 94489280512.0000000000 48400.0000000000 484.0000000000 21296.0000000000 969264.1468140059 31381059609.0000000000
23 0.0434782609 4.5235619561 57.5499782798 239.7915761656 4.9485868458 104.0419249893 98784247808.0000000000 52900.0000000000 529.0000000000 24334.0000000000 1444974.6680502261 94143178827.0000000000
24 0.0416666667 4.5849625007 58.7877538268 244.9489742783 5.0571720996 110.0391000173 103079215104.0000000000 57600.0000000000 576.0000000000 27648.0000000000 2129201.6120984694 282429536481.0000000000
25 0.0400000000 4.6438561898 60.0000000000 250.0000000000 5.1635620995 116.0964047444 107374182400.0000000000 62500.0000000000 625.0000000000 31250.0000000000 3103361.4584906185 847288609443.0000000000
26 0.0384615385 4.7004397181 61.1882341631 254.9509756796 5.2678864785 122.2114326717 111669149696.0000000000 67600.0000000000 676.0000000000 35152.0000000000 4477101.3408672055 2541865828329.0000000000
27 0.0370370370 4.7548875022 62.3538290725 259.8076211353 5.3702625626 128.3819625584 115964116992.0000000000 72900.0000000000 729.0000000000 39366.0000000000 6396960.5619853325 7625597484987.0000000000
28 0.0357142857 4.8073549221 63.4980314656 264.5751311065 5.4707969482 134.6059378176 120259084288.0000000000 78400.0000000000 784.0000000000 43904.0000000000 9057373.6627222616 22876792454961.0000000000
29 0.0344827586 4.8579809951 64.6219776856 269.2582403567 5.5695868291 140.8814488587 124554051584.0000000000 84100.0000000000 841.0000000000 48778.0000000000 12714570.1157651786 68630377364883.0000000000
30 0.0333333333 4.9068905956 65.7267069006 273.8612787526 5.6667211194 147.2067178683 128849018880.0000000000 90000.0000000000 900.0000000000 54000.0000000000 17704040.4567547739 205891132094649.0000000000
31 0.0322580645 4.9541963104 66.8131723540 278.3882181415 5.7622814093 153.5800856220 133143986176.0000000000 96100.0000000000 961.0000000000 59582.0000000000 24462373.9619310871 617673396283947.0000000000
32 0.0312500000 5.0000000000 67.8822509939 282.8427124746 5.8563427838 160.0000000000 137438953472.0000000000 102400.0000000000 1024.0000000000 65536.0000000000 33554432.0000000000 1853020188851841.0000000000
33 0.0303030303 5.0443941194 68.9347517585 287.2281323269 5.9489745273 166.4650059388 141733920768.0000000000 108900.0000000000 1089.0000000000 71874.0000000000 45707007.5120690539 5559060566555523.0000000000
34 0.0294117647 5.0874628413 69.9714227381 291.5475947423 6.0402407327 172.9737366025 146028888064.0000000000 115600.0000000000 1156.0000000000 78608.0000000000 61850338.7554806918 16677181699666570.0000000000
35 0.0285714286 5.1292830169 70.9929573972 295.8039891550 6.1302008307 179.5249055931 150323855360.0000000000 122500.0000000000 1225.0000000000 85750.0000000000 83169099.0476396084 50031545098999704.0000000000
36 0.0277777778 5.1699250014 72.0000000000 300.0000000000 6.2189100521 186.1173000519 154618822656.0000000000 129600.0000000000 1296.0000000000 93312.0000000000 111164778.8964311332 150094635296999136.0000000000
37 0.0270270270 5.2094533656 72.9931503636 304.1381265149 6.3064198317 192.7497745283 158913789952.0000000000 136900.0000000000 1369.0000000000 101306.0000000000 147731718.3664309680 450283905890997376.0000000000
38 0.0263157895 5.2479275134 73.9729680356 308.2207001484 6.3927781647 199.4212455109 163208757248.0000000000 144400.0000000000 1444.0000000000 109744.0000000000 195249442.2624593675 1350851717672992000.0000000000
39 0.0256410256 5.2854022189 74.9399759808 312.2498999199 6.4780299205 206.1306865356 167503724544.0000000000 152100.0000000000 1521.0000000000 118638.0000000000 256694405.9392695725 4052555153018976256.0000000000
40 0.0250000000 5.3219280949 75.8946638440 316.2277660168 6.5622171209 212.8771237955 171798691840.0000000000 160000.0000000000 1600.0000000000 128000.0000000000 335774783.3386664391 12157665459056928768.0000000000
41 0.0243902439 5.3575520046 76.8374908492 320.1562118716 6.6453791868 219.6596321893 176093659136.0000000000 168100.0000000000 1681.0000000000 137842.0000000000 437092530.2135859132 36472996377170788352.0000000000
42 0.0238095238 5.3923174228 77.7688883809 324.0370349204 6.7275531589 226.4773317567 180388626432.0000000000 176400.0000000000 1764.0000000000 148176.0000000000 566337644.4445298910 109418989131512365056.0000000000
43 0.0232558140 5.4262647547 78.6892622916 327.8719262151 6.8087738939 233.3293844522 184683593728.0000000000 184900.0000000000 1849.0000000000 159014.0000000000 730520333.0304946899 328256967394537046016.0000000000
44 0.0227272727 5.4594316186 79.5989949685 331.6624790355 6.8890742410 240.2149912200 188978561024.0000000000 193600.0000000000 1936.0000000000 170368.0000000000 938247694.1159577370 984770902183611203584.0000000000
45 0.0222222222 5.4918530963 80.4984471900 335.4101966250 6.9684852004 247.1333893348 193273528320.0000000000 202500.0000000000 2025.0000000000 182250.0000000000 1200052546.0145704746 2954312706550833610752.0000000000
46 0.0217391304 5.5235619561 81.3879597975 339.1164991563 7.0470360657 254.0838499786 197568495616.0000000000 211600.0000000000 2116.0000000000 194672.0000000000 1528783198.7971394062 8862938119652501356544.0000000000
47 0.0212765957 5.5545888517 82.2678552048 342.7827300201 7.1247545531 261.0656760288 201863462912.0000000000 220900.0000000000 2209.0000000000 207646.0000000000 1940064284.4208979607 26588814358957501972480.0000000000
48 0.0208333333 5.5849625007 83.1384387633 346.4101615138 7.2016669176 268.0782000346 206158430208.0000000000 230400.0000000000 2304.0000000000 221184.0000000000 2452840257.1374368668 79766443076872514306048.0000000000
49 0.0204081633 5.6147098441 84.0000000000 350.0000000000 7.2777980590 275.1207823616 210453397504.0000000000 240100.0000000000 2401.0000000000 235298.0000000000 3090014867.4875063896 239299329230617526140928.0000000000
50 0.0200000000 5.6438561898 84.8528137424 353.5533905933 7.3531716177 282.1928094887 214748364800.0000000000 250000.0000000000 2500.0000000000 250000.0000000000 3879201823.1132721901 717897987691852578422784.0000000000
